0.361 1.23 1.6 1.94 1.51 0.0605 1.35 0.514 0.387 1.28 1.28 0.598 0.701 0.273 1.63 0.182 0.143 1 1.42 1.53 0.0664 0.932 1.64 1.42 0.814 1.07 1.2 1.47 0.658 1.13 1.34 0.656 
0.377 1.82 0.881 1.86 1.44 0.246 1.89 0.635 1.84 0.461 0.0996 0.0547 1.54 1.13 1.93 1.67 1.52 0.326 0.0801 0.635 0.498 1.42 1.83 0.904 1.24 0.145 1.9 0.611 0.518 0.744 1.95 1.54 
0.648 1.27 0.734 0.697 0.723 2 0.852 0.0957 1.41 0.947 0.121 0.547 1.39 0.576 1.59 1.68 1.47 1.54 0.191 0.0117 0.227 1.64 1.95 1.2 1.35 1.82 1.93 0.387 0.586 1.35 0.682 0.658 
0.318 0.15 1.42 1.66 1.75 0.141 1.76 0.348 0.713 1.82 0.104 1.78 1.15 1.93 0.646 0.154 0.145 0.23 1.02 1.87 0.645 1.42 0.525 0.773 1.77 0.164 1.05 1.51 0.754 1.29 0.557 0.975 
0.529 1.04 1.2 1.96 0.906 1.51 0.127 0.848 1.41 0.162 0.812 1.46 1.7 0.529 1.1 1.05 1.68 1.96 1.82 0.408 1.14 0.578 0.0664 0.0664 1.15 1.27 1.04 0.668 0.91 0.881 0.592 1.44 
0.418 0.516 0.352 0.793 0.592 0.922 1.47 1.05 1.13 1.05 1.02 1.28 1.94 1.7 0.971 0.324 0.207 0.326 1.88 1.83 1.11 0.955 1.09 1.53 0.121 1.2 1.65 0.578 0.949 0.455 1.8 1.01 
1.12 1.16 1.13 1.36 1.19 1.22 1.3 0.398 1.52 1.55 1.47 0.957 0.748 0.762 0.273 1.92 1.88 0.893 0.445 0.344 1.94 0.373 0.113 1.63 1.33 0.0488 0.65 1.94 0.758 0.342 1.2 0.631 
1.79 1.54 1.8 0.867 1.1 1.22 1.14 0.354 0.213 0.762 0.961 0.184 1.03 1.05 1.02 1.81 0.83 1.24 0.791 0.146 1.02 0.662 1.65 0.811 1.43 1.89 1.81 1.46 0.229 0.869 1.81 1.26 
1.56 0.246 0.635 0.516 0.701 1.75 0.506 0.369 0.859 1.75 0.234 0.666 1.66 1.9 1.24 1.92 1.21 0.947 0.18 1.44 1.75 1.65 0.217 1.53 1.04 0.791 0.891 1.83 1.25 0.363 0.633 1.85 
1.58 1.85 1.89 1.51 0.393 1.65 0.906 1.9 1.09 1.59 0.0645 0.107 1.54 0.623 0.932 0.229 1.14 1.59 1.88 0.438 1.5 1.16 0.328 0.229 0.805 0.84 1.66 1.77 1.72 1.15 0.697 1.36 
0.973 0.936 1.85 1.06 0.561 1.74 1.86 0.391 0.561 1.37 1.21 0.211 1.57 0.559 0.119 0.672 0.779 0.758 1.15 1.33 1.68 1.03 0.502 1.37 1.38 0.113 1.88 1.96 1.52 1.57 1.01 0.73 
0.889 0.0723 0.756 0.352 1.6 0.842 0.883 1.3 0.896 0.156 0.451 0.68 0.617 1.03 0.818 1.21 0.26 0.0156 1.26 0.33 1.68 1.08 1.25 1.41 1.39 0.689 1.33 1.13 0.541 1.94 0.598 0.924 
0.471 1.85 0.889 0.604 1.9 1.79 1.49 0.082 1.74 1.04 0.541 1.22 1.59 1.38 1.04 1.8 1.73 0.947 1.48 1.63 0.873 1.14 1.1 0.801 1.48 0.645 1.75 1.97 0.68 0.582 0.465 0.891 
0.857 0.83 0.51 1.01 1.84 1.42 1.2 0.188 0.742 1.09 0.248 1.53 1.37 0.91 0.809 0.383 1.32 1.13 1.07 1.45 0.668 1.04 0.545 1.99 0.297 0.0586 0.932 1.18 1.82 1.84 1.63 1.58 
1.19 1.61 1.89 0.785 1.83 0.553 1.52 1.07 1.54 1.38 0.34 1.31 0.85 0.969 0.131 0.922 1.17 0.141 1.3 1.98 0.447 0.613 0.119 1.43 0.475 1.01 0.627 1.46 1.87 0.0293 1.12 1.96 
0.604 0.748 1.28 1.12 0.252 0.0156 1.97 0.186 1.76 1.01 1.58 0.273 0.922 0.877 1.03 1.37 1.43 1.56 1.43 1.42 1.6 1.68 0.334 1.58 0.656 1.57 0.604 1.53 0.691 1.49 1.93 0.963 
0.246 0.838 0.965 1.22 1.49 0.637 0.0762 0.982 1.06 1.03 0.732 0.115 0.477 1.96 1.51 1.67 0.242 0.965 0.73 1.99 1.53 0.0625 1.7 0.889 1.48 1.83 0.627 0.0723 0.197 0.537 1.09 1.55 
1.26 0.451 1.2 0.299 1.95 1.25 1.34 0.918 1.07 0.539 0.566 0.543 0.402 1.56 1.6 1.79 1.74 1.93 0.463 1.87 1.61 1.6 0.742 1.81 1.59 1.86 0.463 1.8 0.27 1.51 1.61 0.688 
0.771 0.168 0.248 1.55 0.00195 0.67 1.28 1.44 1.44 0.605 1.85 1.26 1.59 0.988 1.31 1.68 0.0605 0.043 1.9 1.29 1.24 0.119 1.97 0.803 1.63 1.73 1.88 1.43 0.801 0.729 0.51 1.31 
1.94 0.564 0.381 0.172 0.0527 1.74 1.42 0.00977 1.8 0.311 1.34 1.96 0.938 1.58 0.652 1.28 1.35 0.871 0.295 0.424 1.81 1.45 1.89 0.311 0.232 1.54 0.639 1.64 1.68 0.525 0.803 0.381 
1.89 0.223 1.86 1.38 0.488 1.28 1.27 0.0742 1.81 0.73 1.81 0.359 1.33 0.664 1.65 0.551 1.75 0 0.926 1.5 0.707 1.41 1.04 0.793 0.043 1.34 0.51 1.15 0.801 1.23 1.5 0.848 
1.77 1.71 0.957 0.367 1.7 0.117 0.338 1.09 1.08 0.945 0.0215 0.154 1.65 1.57 0.309 1.45 1.4 1 1.05 0.703 1.32 1.83 1.92 0.701 1.7 1.23 1.25 0.654 0.0508 1.16 1.63 1.67 
0.725 1.62 1.93 0.342 0.0742 1.09 0.148 0.502 1.28 0.0332 0.742 1.05 0.801 1.62 0.652 1.93 0.443 1.46 1.94 0.248 1.05 0.549 1.04 0.488 1.84 1.29 0.641 0.861 1.32 0.662 0.195 1.79 
1.89 0.525 1.05 0.508 0.00586 1.01 0.219 1.77 0.0332 1.07 0.736 0.746 1.67 0.146 0.693 1.94 1.02 0.951 0.859 0.334 1.29 1.39 0.932 0.607 1.12 1.58 0.436 0.475 0.506 0.0508 0.215 0.174 
0.402 0.998 0.582 0.0645 1.88 0.719 0.0586 0.354 0.984 1.14 0.77 0.949 1.14 0.477 0.449 1.43 1.26 1.05 1.07 1.16 1.41 0.172 0.102 1.51 0.158 0.189 0.4 0.193 1.49 1.66 0.709 1.77 
1.41 1.62 0.789 0.219 0.102 1.04 1.19 1.7 1.78 1.31 1.61 1.36 0.111 1.94 1.93 0.363 1.31 1.34 1.84 0.941 0.816 0.734 1.07 1.65 1.61 1.19 0.305 0.725 0.172 1.81 0.688 1.53 
0.0488 0.971 1.94 0.17 1.04 0.801 1.12 1.25 0.0488 0.666 0.0195 1.69 1.47 1.86 1.16 0.686 1.32 1.4 0.434 1.87 0.896 0.902 0.344 1.49 0.111 0.672 1.91 0.77 0.434 0.834 1.17 0.4 
1.46 1.63 0.295 1.12 1.11 0.83 1.37 0.479 1.44 0.285 0.768 1.62 0.109 1.57 0.152 0.352 1.42 0.799 0.119 0.15 1.04 0.502 0.449 1.47 0.305 0.703 0.99 1.03 0.17 1.06 1.17 1.34 
0.785 0.168 0.125 0.285 0.682 1.96 1.46 0.824 1.6 1.25 0.615 0.883 0.918 0.4 0.916 1.31 1.76 1.12 0.16 1.99 0.641 1.36 1.89 0.043 0.83 1.36 1.3 0.211 1.27 0.82 1.71 1.31 
1.17 1.17 1.69 0.854 0.154 1.01 0.891 1.74 0.152 0.627 0.332 1.16 0.785 1.67 1.47 1.53 0.467 1.95 1.82 1.59 1.08 1.31 1.2 1.67 0.328 0.732 0.615 1.02 1.63 0.438 1.79 1.26 
1.74 1.21 1.27 0.0332 1.92 0.812 1.19 0.691 0.75 1.5 0.684 0.168 0.604 0.717 1.84 0.943 1.69 0.852 0.373 1.15 1.76 0.18 0.877 0.803 1.44 0.887 0.695 0.146 1.13 0.24 0.438 0.135 
1.65 0.873 1.11 1.03 0.361 0.199 1.88 1.12 1.03 0.955 0.434 1.6 1.26 0.861 0.0254 1.52 1.57 1.41 1.08 0.877 0.0703 1.79 1.44 1.89 0.801 1.91 1.3 0.307 1.67 0.559 0.666 0.893 
