1.04 0.482 0.0371 1.8 0.951 1.02 1.73 0.477 0.801 0.441 0.654 1.72 0.139 1.88 0.0996 1.71 0.305 1.6 0.434 1.87 1.43 1.97 0.184 1.66 0.0859 0.586 0.73 0.457 1.51 1.48 0.631 0.623 0.535 0.48 1.56 1.66 1.04 0.684 1.89 1.51 0.146 0.0566 1.86 0.947 0.912 1.17 0.434 1.13 1.76 1.03 1.72 0.273 0.479 1.09 1.04 1.42 0.828 1.32 0.648 1.36 1.83 0.436 1.02 0.684 
1.64 0.273 1.83 0.932 0.0469 0.248 0.477 0.885 1.61 1.96 0.338 1.98 1.41 1.9 0.543 0.852 1.46 0.361 1.44 0.994 1.69 0.338 1.65 1.55 1.57 0.684 0.787 1.23 0.387 1.31 1.76 1.33 0.127 0.566 0.721 1.94 0.973 0.666 0.637 1.17 1.44 1.34 0.482 1.64 1.15 1.54 0.0703 1.94 0.172 1.29 0.48 1.36 1.08 1.66 0.146 1.64 1.57 0.889 0.537 1.88 1.69 0.574 1.49 0.637 
1.75 0.0586 0.139 1 0.84 0.889 1.51 0.953 1.93 1.42 0.684 0.754 1.64 1.54 0.656 1.48 0.654 1.52 1.74 0.705 0.678 1.02 0.674 1.26 0.102 0.135 1.29 1.16 0.256 0.666 0.842 0.682 0.285 1.46 1.97 0.453 0.662 1.87 0.229 0.805 1.32 1.38 1.33 0.154 0.408 1.34 1.94 0.553 1.68 0.762 0.109 0.352 0.482 0.361 1.37 1.98 0.426 0.625 0.432 0.891 0.602 0.043 0.467 1.54 
1.49 1.46 0.0957 0.625 1.46 0.559 1.94 1.31 1.89 0.447 0.818 0.666 0.963 0.402 1.56 0.229 0.00391 0.709 0.475 1.63 0.518 1.64 0.387 1.4 1.81 0.562 1.36 0.895 1.24 1.16 1 1.3 1.13 0.777 0.42 1.84 0.236 1.91 1.79 1.04 1.9 1.81 1.53 1.12 0.82 0.182 1.17 1.59 0.402 1.07 1.73 1.87 0.797 0.811 1.85 1.09 1.52 0.152 1.46 1 0.695 0.465 1.08 0.0352 
0.977 0.107 0.826 0.436 0.0176 0.887 0.906 0.57 1.62 0.676 1.87 0.34 1.5 0.129 0.393 1.71 1.64 1.54 0.762 0.396 1.34 1.82 1.91 0.617 0.814 1.59 0.121 1.04 1.47 0.418 1.36 1.82 0.793 0.152 1.21 0.73 1.82 0.43 0.439 0.49 1.31 0.244 0.207 1.16 0.508 1.7 0.879 1.68 0.475 1.84 0.465 0.541 0.154 0.635 0.701 1.57 0.969 1.09 0.738 0.848 0.0977 1.47 0.467 0.734 
0.344 1.62 1.46 1.05 0.654 1.5 1.53 1.37 1.25 1.72 0.949 0.402 1.37 0.342 0.266 0.562 1.68 1.65 1.73 1.63 1.26 1.2 0.367 1.53 1.25 0.852 0.703 0.238 1.08 0.0664 1.04 0.857 1.39 1.21 1.46 1.74 1.54 1.04 1.31 1.79 1.68 0.312 0.482 0.898 1.6 1.51 0.197 1.44 0.0195 0.691 1.44 0.988 0.676 1.46 1.05 0.0586 0.908 1.07 1.4 1.05 0.93 0.672 1.74 0.266 
1.71 1.62 1.1 1.11 1.49 0.0117 0.924 0.332 0.891 1.22 1.2 1.47 0.705 0.664 0.311 1.4 0.258 0.66 0.496 1.95 0.414 1.38 0.887 0.748 1.22 1.96 0.229 1.1 0.174 1.73 1.18 1.04 1.06 1.57 0.289 1.49 1.52 1.37 1.52 1.57 1.13 1.64 1.48 0.961 0.211 1.25 0.248 1.51 1.16 1.26 1.78 1.84 0.49 0.908 0.0215 1.17 1.46 1.72 0.572 0.227 1.32 1.7 0.0234 1.26 
1.21 1.75 0.9 1.22 0.645 0.0586 0.229 0.0781 0.678 0.781 1.73 0.186 1.63 0.719 1.65 0.85 1.49 0.191 0.191 1.99 0.922 0.00195 0.594 0.914 0.879 0.547 1.82 0.254 0.889 1.04 0.898 0.992 1.92 0.861 0.83 0.619 1.88 1.04 0.197 0.441 1.79 1.85 0.334 1.97 0.477 0.531 0.158 0.502 0.0195 1.16 0.615 1.72 1.72 0.609 0.742 1.54 0.748 0.65 1.37 1.01 1.39 0.191 0.449 0.326 
0.957 1.61 1.97 0.0176 0.25 1.26 0.562 1.23 0.732 0.041 1.68 1.16 0.268 0.137 1.41 1.54 1.51 1.87 1.94 0.365 0.906 0.686 0.609 0.646 0.332 0.234 0.611 0.328 1.35 1.61 1.31 1.34 0.0898 0.709 0.207 1.74 0.758 1.68 0.467 1.04 1.77 0.566 0.158 0.564 0.518 0.986 1.05 1.04 0.729 0.0254 1.06 1.25 0.494 0.186 0.338 1.79 0.898 1.5 0.93 0.0293 1.27 1.76 0.137 0.105 
1.08 0.848 1.43 0.123 0.426 1.25 1.05 0.428 1.18 0.623 0.164 1.02 0.744 0.537 0.717 0.0938 0.438 1.33 0.869 1.71 0.496 1.06 0.0625 0.57 1.71 0.65 1.72 1.95 1.68 1.08 1.56 0.705 1.7 0.734 1.54 1.49 0.27 0.92 1.46 1.98 1.21 1.42 0.084 1.35 0.461 0.24 0.0508 1.76 1.41 1.48 0.252 1.06 0.932 1.26 1.93 0.549 0.0352 1.89 0.369 1.9 1.09 0.0254 0.215 1.22 
1.71 1.07 0.422 0.164 1.3 1.64 0.818 0.281 0.145 0.15 0.311 0.391 1.18 1.55 0.693 1.14 0.398 0.18 0.102 0.643 1.82 0.746 0.0781 1.31 1.14 1.42 0.27 1.73 0.00586 1.06 0.752 1.72 0.877 0.566 1.96 0.479 0.539 0.375 0.285 1.9 0.236 0.0254 1.23 0.965 0.43 1.92 0.283 1.29 0.182 1.14 1.31 1.78 1.16 1.46 0.646 0.434 0.283 1.44 0.814 1.26 0.955 0.623 1.81 0.287 
0.967 1.92 0.0566 0.762 0.998 0.0684 0.992 1.42 1.75 0.248 1.25 1.9 1.71 0.795 0.465 1.29 1.52 0.0566 0.76 1.79 0.988 1.37 1.78 1.49 0.74 0.162 1.39 0.311 0.451 1.18 0.0234 1 1.74 1.83 0.592 1.34 1.7 1.68 0.082 1.42 0.963 0.0195 0.734 0.0273 0.549 1.64 0.875 0.232 1.18 0.637 1.35 0.0176 1.31 0.416 1.61 0.0723 1.77 1.78 1.39 0.717 1.01 1.17 0.0391 1.94 
0.975 1 1.46 0.545 1.64 0.148 0.695 0.469 0.131 0.541 0.0938 0.172 0.453 1.9 1.16 1.19 1.92 0.582 1.97 1.78 0.141 0.557 0.289 1.74 0.641 0.508 0.205 0.307 1.14 1.06 0.496 1.18 0.426 0.146 0.557 0.701 1.86 0.443 1.97 1.16 1.52 1.02 1.71 1.16 0.943 1.03 0.949 1.23 0.52 1.6 1.51 0.41 1.5 1.74 1.95 0.0898 0.617 0.539 1.22 0.908 1.37 1.3 0.0352 0.797 
1.86 1.96 1.77 0.137 1.36 1.51 1.05 0.0547 1.4 0.656 1.98 1.83 1.53 0.492 1.89 1.45 1.73 1.38 0.863 1.23 1.4 1.93 0.736 0.686 0.965 0.082 1.84 0.348 0.199 0.344 1.29 0.875 1.05 1.14 0.98 1.18 1.16 0.307 1.08 1.74 0.0332 0.654 1.29 1 1.74 1.73 1.63 0.906 0.332 1.64 0.914 1.58 1.85 1.07 0.787 1.11 0.951 1.34 1.44 0.455 0.156 0.637 0.92 1.49 
1.75 0.406 0.0918 0.164 0.277 1.78 1.19 0.801 1.69 0.217 0.0254 1.5 1.08 0.191 1.8 0.693 1.08 0.082 0.559 0.779 0.881 1.12 0.244 0.945 1.84 0.508 1.41 1.06 1.75 0.637 1.55 0.717 1.73 0.447 0.988 1.41 1.72 0.891 0.527 1.8 0.627 0.547 0.588 0.162 1.06 1.34 0.0469 1.88 0.742 0.4 0.682 0.156 0.498 0.0254 1.25 1.76 0.896 1.8 1.16 1.98 1.5 0.799 1.82 0.637 
0.764 1.97 1.56 1.25 0.518 0.584 0.232 1.33 1.12 0.848 1.36 1.81 1.21 0.627 0.00391 1.55 0.084 0.305 0.18 1.04 0.721 1.75 1.94 1.14 1.39 1.41 0.0605 1.06 1.93 1.57 0.375 1.33 0.609 1.68 1.71 0.00781 1.67 1.82 1.45 1.96 1.43 0.322 0.738 1.27 1.03 1.5 1.32 0.785 1.87 1.49 1.94 0.758 1.56 0.23 0.457 0.668 0.58 1.55 1.51 0.117 1.53 1.41 1.86 0.869 
1.03 0.277 1.31 0.0176 0.203 1.54 1.3 0.273 1.82 0.174 1.11 1.38 0.0527 1.42 1.63 0.654 0.873 1.68 0.855 0.641 1.04 1.43 0.943 1.91 1.74 0.414 0.898 0.982 0.844 0.775 0.904 1.34 1.8 0.467 0.258 1.6 1.13 0.713 0.953 0.844 0.557 1.61 0.865 0.961 1.78 1.84 0.574 0.238 1.85 0.551 1.81 0.0137 1.17 1.31 1.54 0.455 0.125 0.213 1.62 1.48 0.369 0.107 0.158 0.809 
0.678 0.953 0.449 1.1 1.46 0.283 1.53 0.252 1.91 1.82 0.395 0.84 1.74 0.203 1.8 0.617 1.57 1.82 1.71 0.205 1.96 1.81 0.385 1.87 1.01 1.15 1.06 1.45 0.631 1.87 0.26 1.36 1.43 0.436 1.77 0.82 0.221 1.2 0.18 1.07 0.143 0.0234 0.0918 1.85 1.43 1.97 0.938 0.869 0.797 1.19 1.43 0.547 1.44 0.891 1.62 1.74 1.66 1.42 0.607 0.703 0.139 0.506 1.85 1.08 
1.83 1.62 0.111 1.11 0.42 0.43 0.0371 1.89 1.52 1.42 0.344 0.809 0.383 0.594 1.64 0.0703 0.301 0.367 1.87 0.361 1.61 0.502 1.39 1.65 1.33 1.23 1.66 1.08 1.41 0.477 1.57 0.0352 1.63 1.21 1.37 0.285 1.07 0.914 0.248 1.28 0.309 1.2 1.54 0.557 0.105 1.53 1.54 1.3 0.842 1.05 1.91 0.982 0.498 0.596 1.82 1.16 1.3 0.787 1.6 0.404 0.965 0.232 0.0547 0.309 
0.602 1.9 1.42 0.68 1.2 1.61 1.95 1.81 0.773 0.58 0.0781 1.92 0.117 0.219 0.271 1.64 1.19 0.936 0.451 1.73 0.115 1.13 1.08 1.87 0.826 0.291 1.83 0.506 1.31 0.227 1.95 1.98 0.514 0.412 0.172 0.621 1.81 1.47 0.283 0.0781 1.18 0.758 0.344 1.72 1.93 0.127 1.49 0.158 0.107 1.74 0.381 1.95 0.477 0.0527 1.28 1.34 1.18 1.95 1.73 1.21 0.975 0.912 1.9 1.12 
1.13 1.43 1.5 0.436 1.93 1.44 0.391 0.648 1.79 0.939 0.727 0.785 1.07 0.703 0.826 1.94 0.361 1.15 0.59 0.945 1.6 1.32 0.574 1.15 1.62 1.95 0.695 0.352 0.461 0.742 0.539 1.82 0.215 1.67 1.31 0.453 0.561 0.49 1.41 0.104 0.883 0.326 1.62 1.95 1.03 1.4 1.93 0.0664 0.719 0.887 1.97 0.0605 1.5 0.885 1.11 0.889 1.42 0.52 0.113 1.75 0.289 0.172 0.508 0.141 
1.54 1.83 1.48 1 0.727 1.56 0.486 1.02 0.709 0.121 1.41 0.043 1.35 1.67 0.428 1.61 1.94 0.645 1.41 0.623 0.188 0.699 1.01 0.129 1.84 1.84 1.38 1.24 0.977 1.65 0.451 0.172 0.855 0.609 1.91 0.406 1.44 1.61 0.756 1.98 1.54 1.53 0.496 1.89 1.54 0.973 1.97 1.65 0.803 0.125 1.79 1.96 1.68 0.717 0.43 0.447 0.148 0.133 1.88 0.646 1.04 1.63 1.01 1.99 
1.94 0.717 0.484 0.998 1.72 1.58 1.36 1.55 1.64 1.75 1.26 0.311 1.1 0.752 0.199 1.27 0.0586 1.04 0.0254 1.39 0.00391 0.891 1.51 1.42 1.61 1.59 1.01 1.8 0.986 0.574 0.816 1.68 0.561 0.854 1.1 1.11 0.586 0.443 1.44 0.322 1.28 1.99 0.0996 0.146 1.57 0.467 0.75 1.54 0.48 1.07 0.988 0.252 1.16 1.18 0.379 0.633 1.49 0.41 0.15 0.521 1.34 0.924 0.52 1.3 
0.477 1.72 1.63 1.06 1.04 1.14 0.143 0.867 0.717 1.45 1.4 0.217 0.441 1.57 1.27 1.54 0.832 1.95 1.57 1.87 1.17 1.52 1.19 1.66 1.05 0.805 0.703 0.648 0.617 1.14 0.756 0.947 1.46 0.0273 1.99 1.18 0.115 0.625 0.6 1.77 0.223 1.33 1.55 1.36 1.25 1.51 1.38 0.35 1.88 1.36 0.674 1.58 0.0566 1.88 0.0762 0.0742 1.57 0.977 0.0527 0.00391 1.33 1.67 0.17 0.693 
1.27 0.471 0.0527 1.8 0.814 1.85 1.95 1.59 0.0605 0.838 0.947 0.385 1.49 1.74 0.752 1.05 0.391 1.01 1.18 0.695 1.82 0.215 1.18 1.46 0.297 1.13 1.59 0.416 1.99 0.969 1.4 0.615 1.67 1.76 1.72 1.25 0.154 1.78 1.35 0.932 0.496 1.18 1.98 0.139 0.701 1.72 1 0.713 1.13 0.607 1.97 0.555 0.494 0.467 0.648 1.39 0.506 1.46 0.713 1.72 1.12 1.49 1.09 0.793 
0.43 0.588 0.869 1.85 1.15 1.35 1.92 0.357 1.8 1.55 1.03 1.44 0.383 0.9 1.79 0.422 0.857 1.85 1.96 0.484 0.0781 0.596 0.611 1.46 1.46 0.174 0.801 1.73 1.24 1.69 1.87 1.3 1.32 1.67 1.4 1.94 0.83 1.52 0.811 0.447 0.227 1.16 0.504 1.12 0.0566 0.732 0.732 1.25 0.346 0.441 0.0137 1.81 0.596 0.551 1.22 1.22 0.432 1.48 1.25 0.285 0.848 0.0195 0.391 0.225 
0.0977 1.7 1.21 1.83 0.193 1.25 1.16 1.78 0.0508 1.21 0.781 0.00781 1.24 0.67 1.49 0.285 0.357 0.0859 1.04 1.86 0.0605 0.289 0.604 0.266 0.68 1.57 1.46 1.21 0.475 0.93 1.29 1.63 0.533 1.38 0.176 1.87 0.264 1.48 0.117 0.936 1.54 0.904 0.256 0.93 1.44 0.166 1.69 0.596 1.66 0.486 1.92 1.97 0.49 1.76 0.91 0.174 1.47 0.664 0.799 0.334 0.631 0.875 1.21 1.61 
0.393 1.42 0.193 0.379 0.0547 1.18 0.812 0.49 0.949 1.44 1.32 0.713 0.18 0.674 0.984 1.26 1.02 1.35 1.55 1.46 1.9 0.92 0.279 0.52 0.0703 0.951 0.676 1.48 1.83 0.309 0.787 0.238 1.44 0.527 1.16 1.68 0.584 1.29 0.391 1.02 0.553 0.0293 0.359 0.188 0.973 1.65 1.01 1.36 1.19 0.367 0.816 1.65 0.301 1.72 0.852 0.883 1.74 0.639 0.477 0.49 0.598 1.68 0.666 1.59 
1.44 1.39 0.953 0.107 0.865 0.77 1.99 1.11 0.615 1.87 1.77 0.18 1.33 0.537 1.4 1.98 0.959 1.25 0.613 1.89 1.71 0.115 0.768 0.84 1.76 1.93 1.59 1.18 1.44 1.45 1.49 1.73 0.158 0.727 1.47 1.99 1.91 0.568 0.758 1.33 1.4 0.164 1.94 1.52 0.781 0.799 1.81 0.182 1.07 1.71 1.83 1.49 0.154 0.0566 0.166 1.97 1.38 1.03 1.41 1.38 0.869 0.0703 1.89 0.764 
1.36 1.23 0.607 1.64 0.746 1.64 1.83 0.266 1.17 0.117 1.25 1.04 0.828 1.89 1.87 1.06 0.309 1.44 1.36 1.79 1.63 1.5 1.19 1.85 1.87 0.137 1.33 0.914 1.41 1.99 0.514 0.752 0.82 1.61 0.248 1.41 0.379 0.939 0.34 0.488 0.201 0.93 0.113 1.55 0.992 1.25 1.22 1.68 1.43 0.139 0.082 0.111 0.172 0.393 1.98 0.0625 0.504 1.46 0.727 1.62 1.57 1.66 0 1.78 
0.291 0.561 0.283 1.62 1.83 1.42 1.44 0.582 0.75 1.81 0.904 1.9 0.785 0.344 1.5 1.12 1.19 1.52 0.9 1.78 1.78 0.693 0.676 0.182 0.537 1.2 1 1.32 1.88 1.54 0.99 1.91 1.54 0.793 0.607 0.584 0.105 0.0293 0.266 1.12 1.08 1.96 0.0156 0.91 1.73 0.623 0.359 0.473 0.375 1.28 0.701 0.131 0.482 0.355 1.42 1.79 1.24 1.55 1.55 1.84 0.836 0.082 0.125 1.25 
0.346 1.01 1.11 0.646 0.23 1.73 1.96 0.684 1.47 0.574 1.84 1.4 1.33 1.54 1.43 0.805 1.74 1.12 0.375 0.486 0.285 1.33 0.346 0.451 1.88 0.73 1.75 1.02 0.965 1.73 0.0449 1.85 0.461 1.91 1.68 0.129 1.22 1.46 1.66 1.85 0.174 0.865 0.768 0.217 1.11 0.543 0.359 1.2 0.0449 0.758 0.811 0.178 1.21 1.57 1.6 1.76 1.71 0.936 1 0.67 0.779 0.955 1.39 1.8 
1.65 0.197 0.203 1.36 0.0801 0.193 0.508 1.2 1.46 0.0332 1.19 0.17 0.59 1.09 0.781 0.725 0.0645 1.88 0.902 0.531 1.27 1.03 1.33 1.29 0.0117 0.369 0.693 0.633 0.797 0.195 0.801 1.18 1.69 0.578 0.58 0.67 1.84 0.869 1.64 1.3 1.59 1.28 1.5 0.0977 1.28 0.635 0.342 0.471 0.562 0.195 1.54 0.877 0.479 1.65 1.66 0.615 0.0449 1.23 0.213 0.73 1.53 1.91 0.92 0.0566 
0.338 1.76 0.697 0.385 1.5 0.441 0.211 0.744 0.84 1.81 0.0781 0.824 0.688 0.629 0.678 1.51 0.301 1.41 1.61 0.543 0.854 1.41 0.746 1.32 1.07 1.73 0.953 0.793 1.5 0.545 0.385 0.523 1.36 0.43 0.443 0.832 0.0938 1.87 1.35 0.102 1.47 0.832 1.32 1.18 0.34 0.525 1.43 0.92 0.0488 1.22 0.00391 0.855 0.412 0.242 0.721 0.977 0.365 0.0703 0.303 0.646 1.21 0.562 1.84 0.648 
0.525 1.3 1.71 0.342 0.625 0.0957 0.193 1.95 1.74 1.54 1.63 1.99 1.75 1.78 0.244 1.78 0.57 1.34 1.62 1.14 1.17 0.107 1.72 1.17 1.18 0.449 1.66 0.121 1.19 0.412 1.92 0.516 1.6 1.09 0.391 1.24 0.111 0.084 1.89 0.875 1.92 1.14 1.38 0.084 0.43 1.84 0.754 1.17 0.633 1.46 1.34 0.736 1.14 0.957 1.9 1.46 0.797 1.07 0.4 1.04 1.96 0.547 1.27 0.199 
0.34 0.473 0.373 1.86 1.57 0.783 1.58 1.45 0.281 0.836 0.965 0.291 1.9 0.16 0.605 0.168 0.998 1.29 0.0527 0.961 0.338 0.744 1.39 1.45 0.469 0.145 1.93 1.24 0.00977 1.42 0.529 1.78 0.52 0.172 1.55 0.521 0.0117 1.15 0.404 0.246 1.08 1.83 0.779 1.44 1.67 0.197 1.44 1.85 0.438 0.529 0.658 1.15 0.781 1.42 0.332 0.709 1.47 1.87 1.63 0.547 1.88 1.48 0.34 1.33 
1.91 0.885 1.81 1.56 0.459 0.125 1.5 1.85 0.592 1.33 1.21 0.357 1.26 1.4 0.887 1.29 1.71 0.887 0.043 0.619 0.486 0.941 0.865 0.809 1.05 0.439 0.895 0.783 0.0703 1.19 1.34 0.936 0.26 1.31 1.04 1.3 1.92 0.676 0.00977 0.842 1.07 0.533 0.658 1.87 0.186 1.23 0.6 1.58 1.59 0.0645 1.1 0.707 1.46 1.26 1.13 1.33 0.498 0.0703 1.12 1.78 1.11 1 0.176 0.67 
1.35 0.162 1.14 0.0703 1.42 1.75 1.07 1.79 0.795 0.643 1.5 0.809 1.96 1.13 0.213 1.78 0.832 1.76 0.711 0.74 1.74 0.328 1.28 1.86 1.06 0.963 1.68 1.37 1.5 1.36 1.48 0.613 0.939 0.135 1.99 0.199 1.97 0.301 1.83 1.28 0.0195 0.865 0.137 0 0.102 0.559 1.37 0.984 0.209 1.68 1.78 0.0469 1.32 0.0996 1.44 1.96 0.0156 1.32 1.98 1.37 1.77 0.721 1.9 0.842 
0.797 1.93 1.49 0.0137 0.586 1.28 1.42 1.89 1.02 0.402 0.951 0.273 0.125 0.967 1.71 0.26 0.486 1.54 1.18 1.95 0.219 0.529 1.75 1.22 0.621 1.34 1.41 1.62 0.426 1.54 0.0723 1.44 0.686 0.262 1.53 1.84 0.279 1.65 0.994 0.199 0.0469 0.457 0.34 0.455 1.54 1.81 0.875 0.691 0.428 1.02 1.82 1.79 0.459 1.57 0.361 1.22 0.145 1.23 1.35 1.94 1.99 0.27 0.639 0.473 
0.371 1.82 1.99 0.0176 0.0703 0.346 1.68 0.781 1.38 0.232 0.689 1.37 1.88 0.539 0.504 1.35 0.799 1.83 0.582 0.881 0.0527 1.17 1.41 1.53 1.85 1.19 1.21 0.166 0.969 1.36 0.24 0.0293 1.62 1.32 0.771 0.861 0.973 0.334 0.627 0.215 1.28 0.932 0.393 1.86 0.639 0.609 0.238 1.32 0.367 1.69 0.355 0.559 1.02 1.28 1.04 1.73 1.01 1.43 0.357 0.119 1.89 1.27 1.52 0.184 
0.197 1.46 1.76 0.705 0.00195 0.566 0.969 1.08 0.0137 1.76 1.84 0.738 1.34 1.47 1.72 1.68 1.9 0.277 0.0352 0.15 1.37 1.87 1.38 1.4 0.885 0.143 0.199 1.63 1.26 0.451 1.11 1.02 1.87 0.932 0.85 1.88 0.176 1.99 1.85 1.95 1.84 1.92 1.42 0.838 1.51 0.58 0.584 1.51 0.152 1.31 0.508 0.982 1.12 0.873 0.584 0.119 0.738 1.54 0.119 0.527 1.6 1.35 1.66 0.604 
0.402 0.453 1.93 0.701 0.508 1.57 0.41 1.41 1.04 0.605 1.53 0.988 0.648 1.39 0.477 1.88 1.9 0.498 0.666 0.383 0.285 0.256 0.785 1.46 1.84 1.82 1.51 0.639 1.42 0.432 1.8 1.02 1.56 0.725 0.889 1.51 0.0137 0.244 1.79 0.0371 1.86 1.03 0.551 0.0176 0.279 1.35 1.04 1.87 1.91 1.53 1.4 1.68 0.885 1.97 0.129 1.01 1.45 1.2 1.76 1.79 1.24 0.137 0.189 0.355 
1.11 0.445 1.62 0.631 1.71 0.977 1.13 0.406 0.582 0.398 0.879 0.752 1.92 1.92 1.91 0.561 0.939 0.117 1.6 0.207 0.932 1.96 0.754 0.346 0.846 1.86 0.264 1.81 1.57 0.926 1.45 0.678 0.814 0.32 0.0117 0.393 0.613 0.717 1.57 1.1 1.46 1.91 0.904 0.0195 1.07 0.541 0.723 1.03 1.76 1.96 0.158 1.29 0.443 0.184 0.799 1.04 1.28 0.0137 0.408 0.535 0.934 1.25 0.234 0.0645 
0.441 1.05 1.96 1.12 1.74 0.416 0.258 0.686 0.77 0.762 1.02 0.652 1.27 0.678 1.13 0.355 1.14 0.76 1.96 0.246 1.43 0.598 0.406 0.67 0.0254 1.87 1.59 1.78 1.84 1.56 1.18 0.6 1.76 1.35 1.35 1.14 0.0977 1.03 0.324 1.75 0.768 0.166 1.61 1.47 0.0215 1.78 0.768 1.62 1.84 0.223 1.91 0.418 1.92 1.15 1.72 0.818 0.344 1.62 1.19 1.39 0.812 0.318 0.92 0.357 
0.529 1.91 0.0664 0.793 0.711 1.51 0.914 0.875 1.72 1.32 1.07 1.31 0.842 1.3 1.28 1.89 0.619 0.0508 0.879 1.13 1.91 1.8 0.871 1.06 1.5 1.48 0.604 1.17 0.359 1.97 0.104 1.42 0.518 1.43 0.0137 0.395 0.592 0.816 1.17 0.633 1.9 1.43 1.79 1 1.25 0.689 0.295 0.256 0.256 1.95 1.77 1.7 1.43 0.496 0.00781 0.977 0.77 1.64 1.22 0.969 1 0.963 1.37 1.86 
1.49 0.627 1.07 0.277 0.756 1.89 0.225 1.6 1.57 1.7 0.154 1.36 0.75 1.4 1.47 1.79 1.51 1.62 1.47 1.47 0.498 1.19 1.27 0.143 1.41 0.318 0.439 0.604 1.25 1.76 1.36 1.76 1.22 0.195 1.14 0.766 0.221 1.7 1.23 0.359 0.996 1.33 0.564 1.23 0.869 0.898 0.43 1.57 1.15 0.76 0.875 1.76 1.12 1.84 0.799 0.139 0.682 1.71 1.64 1.91 1.62 0.812 0.707 1.19 
1.46 0.84 0.102 0.193 0 1.18 1.31 1.49 0.438 1.53 1.41 1.43 1.12 0.621 0.826 0.68 1.93 1.08 0.869 1.91 1.31 0.395 0.732 0.541 1.86 0.00977 0.221 0.703 0.629 0.57 0.0605 0.238 1.98 1.26 1.85 0.885 1.11 1.29 1.63 1.56 0.168 1.49 1.07 0.781 1.02 0.0293 0.299 0.189 0.635 0.283 0.346 1.23 1.09 0.809 1.21 0.932 0.205 1.43 1.56 0.824 0.793 1.49 0.0586 0.979 
0.553 0.17 0.277 1.17 0.566 0.996 1.31 1.16 0.447 0.424 1.95 0.125 0.0801 0.572 0.484 1.18 0.0156 0.0703 0.195 1.06 0.477 1.04 0.379 0.883 0.986 0.178 1.07 0.0977 0.629 0.0215 1.34 1.49 0.936 0.262 1.27 1.38 1.39 1.24 1.5 0.861 1.54 1.53 0.424 0.283 1.82 1.71 1.02 0.732 0.844 0.145 1.31 0.723 1.48 1.03 0.375 1.98 1.47 0.449 0.121 0.35 0.652 0.621 0.549 1.85 
0.898 0.242 0.725 1.83 0.582 0.969 1.34 1.24 1.72 0.0156 0.896 0.0859 1.75 0.883 1.56 1.92 1.88 0.207 0.574 1.55 0.123 0.74 1.34 1.79 0.912 0.447 0.111 1.41 1.38 1.74 0.324 0.139 0.205 0.814 0.527 0.861 1.17 1.15 1.96 0.883 1.25 1.08 1.75 0.359 1.4 1.56 1.73 1.83 1.9 1.96 0.885 0.867 0.414 0.125 1.41 1.9 0.59 0.379 0.432 1.1 1.32 1.83 1.3 0.432 
0.621 0.684 0.568 0.799 0.17 0.725 0.516 0.361 0.395 1.93 1.38 1.93 0.264 1.18 1.18 1.53 1.66 1.12 1.13 0.00586 0.373 1.13 0.732 1.89 1.76 0.445 0.473 1.26 0.99 1.35 0.133 0.807 1.91 0.549 0.742 1.97 0.592 0.654 0.141 0.254 1.42 1.76 0.182 1.64 1.87 1.21 1.55 0.0977 1.93 1.37 0.201 0.291 0.0137 1.72 1.45 1.33 1.7 0.85 1.62 1.71 0.914 0.744 1.45 1.34 
1.85 1.12 0.936 0.701 1.46 1.89 1.97 1.14 0.582 1.79 0.535 0.295 1.74 1.09 0.475 0.619 1.47 0.43 0.99 1.05 1.35 1.84 1.69 1.81 1.66 1.79 1.28 0.287 1.6 0.473 1.89 0.119 0.189 1.09 1.04 1.32 1.77 1.38 1.16 1.6 0.16 1.21 0.836 0.736 1.38 0.275 1.6 0.168 1.05 1.99 0.385 1.62 0.404 1.44 1.6 0.893 0.92 1.48 0.822 0.809 1.57 0.986 0.107 1.21 
0.701 1.17 0.949 0.162 0.562 0.082 0.84 0.205 0.414 1.22 1.47 1.79 0.303 0.227 0.562 1.83 1.43 1.76 1.28 1.31 1.19 0.482 1.33 0.166 0.736 0.121 1.65 1.11 1.33 0.738 0.732 0.703 1.15 0.0566 0.549 1.55 0.838 0.949 0.15 1.54 1.61 1.03 0.842 0.287 0.0312 0.393 1.01 0.666 1.39 1.45 0.561 1.47 1.71 0.914 1.01 1.21 0.379 1.91 1.15 1.01 1.4 0.182 0.406 0.666 
1.31 0.461 1.73 1.81 1.62 0.934 0.234 0.18 0.0137 1.84 1.33 1.05 0.0781 0.227 0.57 1.77 1.69 0.746 1.12 1.42 2 0.689 0.781 1.59 1.11 1.05 0.719 0.342 0.305 1.77 1.77 1.18 0.932 1.08 0.393 1.27 1.91 0.988 0.232 0.705 1.89 0.863 1.32 0.914 1.96 1.18 0.896 0.217 1.08 1.37 1.85 0.479 0.0586 1.76 0.789 0.9 0.199 1.75 1.74 0.936 0.549 1.96 1.47 0.326 
1.79 0.621 0.416 0.264 0.746 0.0664 1.28 1.69 1.51 1.29 1.21 0.699 1.19 0.711 1.62 1.08 0.344 1 1.64 1.98 1.91 0.084 1.17 0.711 0.908 0.205 1.61 0.619 0.65 1.19 0.137 0.178 1.65 1.79 1.7 1.12 1.13 1.12 0.529 1.72 1.13 0.33 1.4 1.24 1.29 0.27 0.395 1.44 0.242 1.37 1.38 1.26 1.57 1.61 0.0664 0.598 0.506 0.627 1.71 1.22 1.12 1.93 0.418 0.818 
0.277 1.28 0.121 0.154 0.0723 1.11 1.11 1.36 1.02 1.18 0.268 1.36 1.77 1.31 0.85 0.379 1.54 0.16 1.96 1.64 1.06 0.291 1.62 0.145 0.256 1.21 1.44 0.568 0.488 0.631 0.955 0.322 1.43 1.79 1.58 1.71 0.598 0.973 0.17 1.2 1.44 1.05 0.205 1.89 0.148 1.28 0.627 0.969 0.998 1.08 0.277 0.451 0.381 0.082 1.97 0.926 1.42 0.17 0.184 0.488 1.26 1.74 0.385 0.768 
0.891 0.0469 1.97 0.102 1.72 1.68 0.846 1.82 0.67 1.15 1.61 1.66 1.94 1.64 1.37 0.291 1.39 1.84 1.21 1.02 1.56 0.936 1.26 0.521 1.28 1.7 1.34 0.809 1.95 1.71 1.35 0.234 0.408 0.734 1.18 1.67 0.455 0.17 0.279 1.79 0.965 0.662 0.859 1.49 0.656 1.84 0.717 1.42 1.48 0.135 1.66 0.666 0.604 0.807 1.62 0.508 1.08 0.00195 0.289 1.36 1.07 1 0.488 0.801 
1.76 0.562 1.09 0.734 1.82 1.4 1.61 1.69 0.592 0.805 0.357 0.215 1.82 1.33 0.309 1.44 0.0254 1.67 0.518 0.729 1.54 1.64 1.2 0.465 0.0977 1.29 0.43 1.97 1.15 0.0586 0.445 0.543 0.697 0.23 1.61 1.63 0.822 0.336 1.98 0.0957 1.82 0.777 0.49 0.662 0.941 1.56 1.79 1.43 1.8 0.146 0.668 0.533 0.367 1.41 0.145 1.97 1.6 1.75 1.15 0.463 0.693 1.34 1.86 1.54 
0.998 0.443 0.615 0.676 0.486 1.91 0.527 1.59 0.906 1.79 1.65 1.66 1.54 0.00195 0.795 0.455 1.57 1.27 1 1.41 1.12 0.041 0.584 0.6 0.842 1.6 1.84 0.672 0.223 1.29 1.37 1.87 0.426 1.91 0 0.209 1.82 1.1 0.396 0.752 0.125 1.03 0.221 0.0371 1.12 0.0918 0.969 1.61 0.0977 0.746 0.41 0.68 1.8 1.51 0.666 1.93 1.1 1.04 1.89 0.422 0.248 0.381 1.62 1.61 
0.744 1.32 1.66 0.553 1.85 0.83 0.725 0.156 1.74 1.71 0.6 0.619 1.22 1.29 1.95 1.96 0.148 0.273 1.79 1.68 0.428 1.75 0.529 1.55 1.64 0.264 0.697 1.54 1.29 1.05 1.24 0.844 1.72 1.39 1.47 0.0352 1.59 0.0742 0.656 0.381 0.0137 1.04 1.18 0.234 1.34 1.04 1.38 0.59 0.49 1.56 0.0195 1.73 1.02 0.73 0.312 1.03 1.72 1.49 1.64 1.86 1.86 1.75 0.887 1.64 
1.12 0.811 1.35 0.986 0.043 1.78 1.33 0.00586 1.21 0.207 0.34 1.71 0.99 0.805 0.9 0.576 1.88 0.299 0 0.162 1.59 0.398 0.158 1.95 0.605 0.906 0.123 1.21 0.477 0.943 1.19 0.0859 0.703 0.297 1.16 1.73 0.236 0.898 1.88 1.61 1.61 0.426 0.48 1.88 1.7 0.0371 0.152 0.998 1.1 0.203 0.621 0.307 0.16 0.707 0.207 1.88 1.57 0.729 1.53 1.41 1.65 1.08 0.797 0.256 
0.242 0.545 0.807 0.605 1.18 0.383 1.46 1.77 1.46 0.898 1.99 1.57 0.973 0.186 0.773 0.932 0.906 0.973 0.768 1.49 0.736 1.61 0.6 0.406 1.87 1.15 1.24 0.291 1.91 0.605 0.344 0.225 1.5 0.262 0.178 1.93 1.89 1.19 1.2 1.06 1.03 0.826 1.26 1.61 0.334 0.705 0.406 1.46 0.0625 0.312 1.34 1.04 1.34 1.06 1.47 1.11 0.783 0.383 0.662 1.69 1.75 1.98 0.473 0.0742 
0.246 0.148 1.16 0.0332 1.39 0.27 0.248 0.0625 0.596 1.41 0.682 0.816 1.29 1.05 0.689 1.65 1.34 1.92 1.21 0.277 1.98 1.01 0.977 1.56 1.57 0.625 1.18 1.42 1.71 1.66 1.82 1.88 0.24 0.908 1.66 1.25 0.688 0.576 1.74 1.36 0.414 1.86 0.643 0.0293 1.37 0.672 1.27 0.592 1.49 1.51 1.29 0.543 0.688 1.41 1.24 1.34 1.48 0.0781 0.182 1.32 0.287 0.0859 1.04 1.73 
1.25 1.24 1.54 1.9 0.799 1.06 0.814 1.52 0.752 1.37 1.53 0.0742 0.0801 1.02 1.78 1.36 1.3 0.77 0.463 1.16 1.46 0.219 0.414 0.0273 1.81 0.947 1.06 1.21 0.00391 1.72 0.754 1.69 1.04 1.86 0.719 0.311 0.742 0.684 0.617 1.13 1.88 1.15 1.75 1.78 0.936 1.56 1.86 1.03 1.52 1.41 1.62 1.45 0.326 1.39 0.633 1.2 1.8 1.44 1.21 0.932 1.38 1.02 1.62 1.84 
1.38 1.46 1.07 0.816 1.53 0.389 0.287 0.762 0.0488 0.4 1.67 1.97 1.45 1.73 1.16 0.682 0.92 1.14 1.64 0.754 1.29 0.869 0.0371 0.439 0.723 1.75 0.00977 0.303 0.92 0.434 0.262 0.26 0.0371 0.74 0.492 1.74 0.18 1.13 0.965 0.998 1.54 0.324 1.7 1.47 1.15 0.994 1.31 1.39 0.268 1.66 1.43 0.391 0.381 0.615 0.771 1.32 1.85 0.0859 0.863 1.15 1.15 0.412 1.33 1.03 
